# Game Level Exporter v1.3
MESH
Ground
<Matrix 4x4 (13.8936,   0.0000,  0.0000, 0.0000)
            ( 0.0000,   0.0000, 16.5633, 0.0000)
            ( 0.0000, -13.8936,  0.0000, 0.0000)
            ( 0.0000,   0.0000, -2.4782, 1.0000)>
MESH
Barn
<Matrix 4x4 (  0.4640,  0.0000,  0.0000, 0.0000)
            (  0.0000,  0.4640,  0.0000, 0.0000)
            (  0.0000, -0.0000,  0.4640, 0.0000)
            (-11.7055,  1.1135, 11.4355, 1.0000)>
MESH
BigBarn
<Matrix 4x4 ( 0.4844,  0.0000,  0.0000, 0.0000)
            ( 0.0000,  0.4844,  0.0000, 0.0000)
            ( 0.0000, -0.0000,  0.4844, 0.0000)
            (-7.3667,  1.7536, 11.4083, 1.0000)>
MESH
ChickenCoop
<Matrix 4x4 (-0.0000, 0.0000,  -1.6218, 0.0000)
            (-0.0000, 1.6218,   0.0000, 0.0000)
            ( 1.6218, 0.0000,  -0.0000, 0.0000)
            (10.8937, 1.4007, -10.0431, 1.0000)>
MESH
Fence
<Matrix 4x4 (  1.0955,  0.0000, 0.0000, 0.0000)
            (  0.0000,  1.0955, 0.0000, 0.0000)
            (  0.0000, -0.0000, 1.0955, 0.0000)
            (-10.3876,  0.5689, 4.4730, 1.0000)>
MESH
Fence2
<Matrix 4x4 (-0.5561,  0.0000,  0.8311, 0.0000)
            (-0.0000,  1.0000, -0.0000, 0.0000)
            (-0.8311, -0.0000, -0.5561, 0.0000)
            (-1.2981,  0.5617,  3.2117, 1.0000)>
MESH
OpenBarn
<Matrix 4x4 ( -1.0000, -0.0000,   0.0000, 0.0000)
            ( -0.0000,  1.0000,  -0.0000, 0.0000)
            ( -0.0000, -0.0000,  -1.0000, 0.0000)
            (-10.3012,  2.0860, -10.5820, 1.0000)>
MESH
Silo
<Matrix 4x4 ( 1.0000,  0.0000,  0.0000, 0.0000)
            ( 0.0000,  1.0000,  0.0000, 0.0000)
            ( 0.0000, -0.0000,  1.0000, 0.0000)
            (10.7722,  4.2722, 10.8270, 1.0000)>
MESH
Silo_House
<Matrix 4x4 (1.0000,  0.0000,  0.0000, 0.0000)
            (0.0000,  1.0000,  0.0000, 0.0000)
            (0.0000, -0.0000,  1.0000, 0.0000)
            (4.4333,  3.5356, 10.8939, 1.0000)>
MESH
WaterTower
<Matrix 4x4 ( 1.0000,  0.0000, 0.0000, 0.0000)
            ( 0.0000,  1.0000, 0.0000, 0.0000)
            ( 0.0000, -0.0000, 1.0000, 0.0000)
            (11.3355,  6.1174, 2.8721, 1.0000)>
MESH
Well
<Matrix 4x4 (1.0000,  0.0000, 0.0000, 0.0000)
            (0.0000,  1.0000, 0.0000, 0.0000)
            (0.0000, -0.0000, 1.0000, 0.0000)
            (8.8274,  0.8610, 3.5807, 1.0000)>
MESH
Barn.001
<Matrix 4x4 ( 0.4640,  0.0000,  0.0000, 0.0000)
            ( 0.0000,  0.4640,  0.0000, 0.0000)
            ( 0.0000, -0.0000,  0.4640, 0.0000)
            (-2.6748,  1.1489, 11.4355, 1.0000)>
MESH
WaterTower.001
<Matrix 4x4 ( 1.0000,  0.0000,  0.0000, 0.0000)
            ( 0.0000,  1.0000,  0.0000, 0.0000)
            ( 0.0000, -0.0000,  1.0000, 0.0000)
            (11.3355,  6.1174, -2.0265, 1.0000)>
MESH
ChickenCoop.001
<Matrix 4x4 (-0.0000,  0.0000,  -1.6218, 0.0000)
            ( 0.0000,  1.6218,  -0.0000, 0.0000)
            ( 1.6218, -0.0000,  -0.0000, 0.0000)
            (10.8937,  1.4007, -15.3478, 1.0000)>
MESH
Well.001
<Matrix 4x4 (1.0000,  0.0000, 0.0000, 0.0000)
            (0.0000,  1.0000, 0.0000, 0.0000)
            (0.0000, -0.0000, 1.0000, 0.0000)
            (8.8274,  0.8610, 1.2312, 1.0000)>
MESH
Fence2.001
<Matrix 4x4 ( 1.0936,  0.0000, -0.0132, 0.0000)
            ( 0.0000,  1.0000,  0.0000, 0.0000)
            ( 0.0121, -0.0000,  0.9999, 0.0000)
            (-2.8772,  0.5617,  0.6958, 1.0000)>
MESH
Fence2.002
<Matrix 4x4 ( 0.5349,  0.0000, 0.8449, 0.0000)
            (-0.0000,  1.0000, 0.0000, 0.0000)
            (-0.8449, -0.0000, 0.5349, 0.0000)
            (-4.5097,  0.5617, 3.2117, 1.0000)>
MESH
Fence.001
<Matrix 4x4 (  1.0955,  0.0000,  0.0000, 0.0000)
            (  0.0000,  1.0955,  0.0000, 0.0000)
            (  0.0000, -0.0000,  1.0955, 0.0000)
            (-10.3876,  0.5689, -2.7381, 1.0000)>
MESH
Fence.002
<Matrix 4x4 (-0.0000,  0.0000,  1.2654, 0.0000)
            (-0.0000,  1.0955, -0.0000, 0.0000)
            (-1.0955, -0.0000, -0.0000, 0.0000)
            (-7.2776,  0.7159,  0.8854, 1.0000)>
MESH
Fence.003
<Matrix 4x4 ( -0.0000,  0.0000,  1.2654, 0.0000)
            ( -0.0000,  1.0955, -0.0000, 0.0000)
            ( -1.0955, -0.0000, -0.0000, 0.0000)
            (-13.5173,  0.7159,  0.8854, 1.0000)>
MESH
Cow
<Matrix 4x4 (  0.2184,  0.0000, -0.1404, 0.0000)
            (  0.0000,  0.2596,  0.0000, 0.0000)
            (  0.1404, -0.0000,  0.2184, 0.0000)
            (-12.3336,  0.0000, -1.0949, 1.0000)>
MESH
Horse
<Matrix 4x4 (  0.2596,  0.0000,  0.0000, 0.0000)
            (  0.0000,  0.2596,  0.0000, 0.0000)
            (  0.0000, -0.0000,  0.2596, 0.0000)
            (-10.5214,  0.0000, -5.5050, 1.0000)>
MESH
Llama
<Matrix 4x4 ( -0.2583, -0.0000, -0.0257, 0.0000)
            (  0.0000,  0.2596, -0.0000, 0.0000)
            (  0.0257, -0.0000, -0.2583, 0.0000)
            (-12.5133,  0.2852,  3.2123, 1.0000)>
MESH
Pig
<Matrix 4x4 ( 0.0980,  0.0000, -0.1551, 0.0000)
            ( 0.0000,  0.1835,  0.0000, 0.0000)
            ( 0.1551, -0.0000,  0.0980, 0.0000)
            (-4.6413,  0.0539,  1.6077, 1.0000)>
MESH
Pug
<Matrix 4x4 (-0.2173, 0.0000, -0.1421, 0.0000)
            ( 0.0000, 0.2596,  0.0000, 0.0000)
            ( 0.1421, 0.0000, -0.2173, 0.0000)
            (-5.0907, 0.0000, -1.4037, 1.0000)>
MESH
Sheep
<Matrix 4x4 (-0.2152, -0.0000,  0.1453, 0.0000)
            (-0.0000,  0.2596, -0.0000, 0.0000)
            (-0.1453, -0.0000, -0.2152, 0.0000)
            (-8.8675,  0.0000,  3.1660, 1.0000)>
MESH
Pig.001
<Matrix 4x4 (-0.1791,  0.0000, -0.0398, 0.0000)
            ( 0.0000,  0.1835, -0.0000, 0.0000)
            ( 0.0398, -0.0000, -0.1791, 0.0000)
            (-2.9788,  0.0367,  3.8528, 1.0000)>
MESH
Pig.002
<Matrix 4x4 (-0.0483,  0.0000, -0.1770, 0.0000)
            ( 0.0000,  0.1835, -0.0000, 0.0000)
            ( 0.1770, -0.0000, -0.0483, 0.0000)
            (-1.7080,  0.0367,  1.8681, 1.0000)>
MESH
Horse.001
<Matrix 4x4 (-0.0878,  0.0000,  -0.2443, 0.0000)
            ( 0.0000,  0.2596,  -0.0000, 0.0000)
            ( 0.2443, -0.0000,  -0.0878, 0.0000)
            (-5.5518,  0.0000, -12.2086, 1.0000)>
MESH
Horse.002
<Matrix 4x4 ( -0.2595,  0.0000,   0.0081, 0.0000)
            ( -0.0000,  0.2596,  -0.0000, 0.0000)
            ( -0.0081, -0.0000,  -0.2595, 0.0000)
            (-12.1271,  0.1739, -11.0978, 1.0000)>
MESH
Horse.003
<Matrix 4x4 (-0.2033,  0.0000,  -0.1615, 0.0000)
            ( 0.0000,  0.2596,  -0.0000, 0.0000)
            ( 0.1615, -0.0000,  -0.2033, 0.0000)
            (-9.1156,  0.1878, -11.0978, 1.0000)>
MESH
Llama.002
<Matrix 4x4 (-0.0566,  0.0000,  0.2534, 0.0000)
            (-0.0000,  0.2596, -0.0000, 0.0000)
            (-0.2534, -0.0000, -0.0566, 0.0000)
            (-8.7595,  0.2852, -1.8080, 1.0000)>
MESH
Windmill
<Matrix 4x4 (  1.0000,  0.0000,   0.0000, 0.0000)
            (  0.0000,  1.0000,   0.0000, 0.0000)
            (  0.0000, -0.0000,   1.0000, 0.0000)
            (-10.4638,  0.0000, -16.4321, 1.0000)>
MESH
TowerWindmill
<Matrix 4x4 (1.0000,  0.0000,   0.0000, 0.0000)
            (0.0000,  1.0000,   0.0000, 0.0000)
            (0.0000, -0.0000,   1.0000, 0.0000)
            (1.5009,  0.0000, -10.6173, 1.0000)>
MESH
Spaceship4
<Matrix 4x4 ( 1.0000,  0.0000, 0.0000, 0.0000)
            ( 0.0000,  1.0000, 0.0000, 0.0000)
            ( 0.0000, -0.0000, 1.0000, 0.0000)
            (-9.4785,  7.6751, 1.6275, 1.0000)>
  MESH
  Cow.001
  <Matrix 4x4 ( 0.2292,  0.0000, 0.1284, 0.0000)
            (-0.0000,  0.2627, 0.0000, 0.0000)
            (-0.1284, -0.0000, 0.2292, 0.0000)
            (-9.4785,  3.4201, 1.1587, 1.0000)>
  MESH
  Llama.001
  <Matrix 4x4 (  0.0597,  0.0000, -0.2527, 0.0000)
            (  0.0000,  0.2596,  0.0000, 0.0000)
            (  0.2527, -0.0000,  0.0597, 0.0000)
            (-10.2635,  0.6804,  0.4465, 1.0000)>
  MESH
  Sheep.001
  <Matrix 4x4 (  0.1698,  0.0000, -0.1964, 0.0000)
            (  0.0000,  0.2596,  0.0000, 0.0000)
            (  0.1964, -0.0000,  0.1698, 0.0000)
            (-10.7924,  1.0189,  1.9164, 1.0000)>
MESH
Torus
<Matrix 4x4 ( 1.0000,  0.0000, 0.0000, 0.0000)
            ( 0.0000,  0.0000, 1.0000, 0.0000)
            ( 0.0000, -0.4024, 0.0000, 0.0000)
            (-9.4785,  6.3042, 1.1080, 1.0000)>
MESH
Torus.001
<Matrix 4x4 ( 1.4021,  0.0000, 0.0000, 0.0000)
            ( 0.0000,  0.0000, 1.4021, 0.0000)
            ( 0.0000, -0.5643, 0.0000, 0.0000)
            (-9.4785,  5.1991, 1.1080, 1.0000)>
MESH
Torus.002
<Matrix 4x4 ( 1.6807,  0.0000, 0.0000, 0.0000)
            ( 0.0000,  0.0000, 1.6807, 0.0000)
            ( 0.0000, -0.6764, 0.0000, 0.0000)
            (-9.4785,  4.1298, 1.1080, 1.0000)>
MESH
Torus.003
<Matrix 4x4 ( 2.0496,  0.0000, 0.0000, 0.0000)
            ( 0.0000,  0.0000, 2.0496, 0.0000)
            ( 0.0000, -0.8249, 0.0000, 0.0000)
            (-9.4785,  2.4311, 1.1080, 1.0000)>
